1482.86 4471.97
1561.97 5815.83
1842.31 6823.47
2589.24 8683.92
3892.3 8890.51
5605.51 9873.17
7137.08 9667.12
9081.09 8585.47
9675.62 3952.65
10057.4 201.829
6969.79 1332.83
7460.95 2364.84
7500.33 2377.64
1684.62 1477.11
1150.64 4137.04
1150.52 4141.46
1420.84 3440.22
1108.06 5940.53
1752.77 8465.42
3010.25 8452.12
4298.88 8551.35
5739.08 8521.24
6616.73 8151.48
7699.38 7354.15
8258.08 5963.94
8269.01 4340.76
8121.73 3201.67
9071.33 1413.19
4451.61 2653.64
1277 1717.03
1422.22 8108.05
5247.13 8477.14
7344.26 7806.81
8175.42 6128.58
4958.98 1247.73
4472.75 2367.95
2059.24 1215.75
1038.26 2146
1191.64 6789.77

