1408.93 4402.04
1317.84 7349.6
2353.61 8668.71
3430.18 7819.96
3376.94 6345.02
4383.88 3530.94
5604.21 3826.14
5939.38 7558.24
6502.64 8251.71
7730.89 7193.6
8125.53 4075.95
7701.75 2139.15
6935.83 1073.86
5004.28 924.768
2321.14 1682.18
1749.71 3495.11
1213.34 5115.62
1338.96 7466.51
2621.54 8175.5
3391.41 7380.93
4222.86 3727.64
5449.16 3515.14
5945.56 7509.06
6766.61 8318.15
7818.31 7387.27
7948.85 6194.02
8107.67 4079.73
7106.73 1126.27
5106.49 963.731
3748.23 1082.56
2266.74 1736.74
1703.82 3447.03
