5411.75 9487.36
7755.11 9386.75
8596.36 8916.97
9463.37 447.656
7881.51 3214.57
4423.31 2015.06
1703.03 1030.25
1216.91 5083.25
2115.19 8277.76
2128.46 8315.78
3919.35 9000.33
1482.86 4471.97
1842.31 6823.47
2589.24 8683.92
3892.3 8890.51
5605.51 9873.17
7137.08 9667.12
9081.09 8585.47
9675.62 3952.65
10057.4 201.829
6969.79 1332.83
7460.95 2364.84
7500.33 2377.64
1684.62 1477.11
1420.84 3440.22
1752.77 8465.42
4298.88 8551.35
6616.73 8151.48
7699.38 7354.15
8258.08 5963.94
8121.73 3201.67
9071.33 1413.19
4451.61 2653.64
1422.22 8108.05
5247.13 8477.14
8175.42 6128.58

