976.331 4202.84
1092.99 5973.16
953.682 8659.62
2509.4 9250.74
5262.59 8120.68
4844.9 6462.76
4154.97 4913.08
4736.47 3188.61
5974.26 3353.1
6791.69 4158.9
7001.11 4614.31
7456.22 7952.63
8024.37 8317.63
9251.35 5653.92
9022.21 4947.6
7857.28 3294.95
9036.43 2074.97
6380.77 1137.59
2672.24 988.794
1215.77 902.868
1067.03 4889.87
862.527 8352.09
2851.09 9275.44
3692.47 9063.86
5007.92 7810.4
4006.38 3474.15
6308.86 3423.72
8333.83 8422.31
9315.57 7471
7880.34 3125.04
8396.08 1123.64
3169.06 893.079
1003.58 1197.35
1128.43 2459.98
